3118
a = [[ 0.18199941  0.25132742 -0.19300503 -0.25132742  0.0177946  -0.00994893
  -0.25132742]
 [-0.50265483 -0.01289506  0.50265483  0.40691107  0.50265483 -0.25834757
   0.14588444]
 [ 0.59471937 -0.75398225 -0.54519408  0.75398225 -0.75398225  0.12927694
   0.41964839]
 [-1.00530966 -0.8334317   1.00530966 -1.00530966 -0.74831447  1.00530966
   1.00530966]
 [ 0.61207816  1.07402725 -0.63959221  0.23935944  0.84642007 -0.77648508
  -1.06412505]] 
 b = [[-0.01081832 -0.0068652  -0.01100386  0.00347113 -0.00155377  0.01298157
   0.00254083]
 [-0.09207578 -0.03882805 -0.07982949  0.04142961 -0.00757439 -0.07506735
   0.03268775]
 [-0.23724376 -0.11215765 -0.22286521 -0.00128233 -0.02476546  0.01193548
  -0.00510288]
 [ 0.09045235  0.00987596  0.09578201 -0.03666353 -0.13970984 -0.50711024
  -0.10162793]
 [ 0.24968551  0.14797495  0.21791655 -0.00695488  0.17360345  0.55726054
   0.07150223]]


2694
a = [[ 1.82030603e-01 -2.51327422e-01 -2.02282134e-01  2.51327422e-01
   1.09231477e-02 -9.66329747e-04 -1.19775230e-01]
 [-5.02654835e-01  3.22429753e-03  5.02654835e-01 -4.06911068e-01
   5.02654835e-01  5.02654835e-01  5.02654835e-01]
 [ 5.94579004e-01  7.53982247e-01 -5.03447115e-01 -7.53982247e-01
  -7.53982247e-01 -5.61138209e-01 -7.53982247e-01]
 [-1.00530966e+00  8.78561938e-01  1.00530966e+00  1.00530966e+00
  -6.75018959e-01 -1.00530966e+00  7.19097073e-01]
 [ 6.12156138e-01 -1.10626313e+00 -6.62784965e-01 -2.39359436e-01
   7.89157952e-01  9.40061985e-01 -2.99995198e-01]] 
 b = [[ 1.91951847e-03 -1.43297380e-03  1.80816833e-03 -2.82266612e-03
  -1.57688459e-04  9.84913424e-03 -2.94445029e-03]
 [ 1.02790908e-02  2.34962357e-04  1.15597562e-02 -4.15722391e-02
   2.20488736e-03 -8.76415119e-02 -3.00616029e-02]
 [ 5.17108209e-02 -2.13255781e-02  2.72972707e-02 -2.49974192e-02
  -1.18579712e-03  9.49963357e-02  2.66263051e-03]
 [ 1.36039063e-01 -5.99446929e-02  1.13793115e-01 -6.44631107e-02
   9.69268896e-02  3.92644484e-01  3.57761977e-01]
 [-1.99948493e-01  8.24682824e-02 -1.54458310e-01  1.33855435e-01
  -9.77882914e-02 -4.09848442e-01 -3.27418555e-01]]



3155
a = [[-0.18198296  0.25132742  0.19263326 -0.25132742 -0.01910144 -0.00920152
   0.25132742]
 [ 0.50265483 -0.01233351 -0.50265483  0.40691107 -0.50265483 -0.25504789
  -0.15288322]
 [-0.59479338 -0.75398225  0.54686707  0.75398225  0.75398225  0.11941739
  -0.40586955]
 [ 1.00530966 -0.83605227 -1.00530966 -1.00530966  0.76225403  1.00530966
  -1.00530966]
 [-0.61203704  1.07589909  0.63866277  0.23935944 -0.85731035 -0.7720387
   1.05865726]] 
 b = [[-4.30440890e-03 -9.94048836e-03 -9.55501814e-03 -1.94105158e-03
   7.27403216e-05 -1.08319711e-02 -4.96552765e-03]
 [-6.26941202e-02  3.13670106e-03 -8.77869685e-02 -1.84858003e-02
   3.17388473e-03 -7.43173602e-02 -3.38754582e-02]
 [-1.09510400e-01 -1.53593344e-01 -2.18592105e-01 -5.69043243e-02
  -5.34567720e-03 -2.48256330e-01 -1.56325744e-03]
 [ 4.13901279e-02  7.21441956e-02  1.24137496e-01 -1.26911401e-01
   3.93378293e-03 -1.17778386e-01 -2.63363170e-01]
 [ 1.35118801e-01  8.82529359e-02  1.91796596e-01  2.04242577e-01
  -1.83473078e-03  4.51184047e-01  3.03767413e-01]]



  Number of nonzeros in equality constraint Jacobian...:      105
Number of nonzeros in inequality constraint Jacobian.:   628950
Number of nonzeros in Lagrangian Hessian.............:        0

Total number of variables............................:       70
                     variables with only lower bounds:        0
                variables with lower and upper bounds:        0
                     variables with only upper bounds:        0
Total number of equality constraints.................:       21
Total number of inequality constraints...............:    18084
        inequality constraints with only lower bounds:        0
   inequality constraints with lower and upper bounds:    18084
        inequality constraints with only upper bounds:        0

88025
a = [[ 0.25132742 -0.04938648 -0.25132742  0.25132742 -0.25132742 -0.25132742
   0.14660766]
 [-0.13859067  0.34417143  0.50265483 -0.41271589 -0.01006875  0.50265483
  -0.50265483]
 [-0.434008   -0.36598676 -0.23703131  0.03710262  0.75398225  0.56548671
   0.75398225]
 [-1.00530966 -0.21182009  0.89695527 -0.84276532  0.94059618 -1.00530966
  -1.00530966]
 [ 1.06982331  0.26125685 -0.72614188  0.76677155 -1.1505733   0.31415925
   0.52359878]] 
 b = [[-0.01198157  0.00465099 -0.01609818  0.00466059  0.00239845  0.01294626
   0.01920083]
 [-0.02878334  0.01213335 -0.03851143  0.02007532  0.00218607  0.06617019
   0.08516922]
 [-0.12593824  0.25184346 -0.13553645  0.25756859 -0.14168906  0.13823731
   0.33829085]
 [-0.47308379  0.45889183 -0.43094371 -0.53590287  0.48594204  0.51614781
   0.03541606]
 [ 0.63978695 -0.72751963  0.62108977  0.25359838 -0.3488375  -0.73350157
  -0.47807695]]

17757
a = [[ 0.25132742 -0.25132742  0.05440963 -0.0418879  -0.25132742 -0.25132742
  -0.25132742]
 [-0.48284804  0.34646057  0.14722811 -0.50265483  0.38073175  0.50265483
  -0.02393593]
 [-0.48308993  0.04658552 -0.35978142  0.75398225  0.75398225  0.20309693
   0.75398225]
 [ 0.71756707  0.9535849  -0.41461864  1.00530966 -0.88313949 -0.14631167
   1.00530966]
 [-0.14132596 -0.87913798  0.47779059 -1.04719756  0.15209503 -0.15560527
  -1.19679722]] 
 b = [[-0.02377972 -0.00106594 -0.05648491 -0.00474121 -0.00257017 -0.02279071
   0.03223816]
 [ 0.03521599 -0.04476276 -0.05083504 -0.06371161  0.07297661 -0.06247173
  -0.00635332]
 [ 0.04874095  0.01161697 -0.16358764 -0.00241728  0.17968512  0.12086367
   0.01617428]
 [-0.24853075 -0.09516756  0.11106252  0.06068833  0.02305605  0.14607439
   0.39394778]
 [ 0.18835353  0.12937929  0.15984508  0.01018178 -0.2731476  -0.18167561
  -0.43600691]]




3530

sol = [[0.22358, -0.502655, -0.153344, 0.324354, -0.0111306, 0.00588942, 0.0626565, 0.15133, -0.0526341, -0.167242, -0.251327, 0.385179, -0.0514627, 1.00531, -0.877176, -0.000558467, -0.0147337, 0.00261731, -0.0870154, 0.0996903, 0.0495113, 0.100249, -0.619238, 0.471873, -0.0559575, 0.000627394, 0.0223184, -0.0604434, -0.153154, 0.190651, -0.16247, -0.227038, 0.753982, 1.00531, -1.13333, -0.00136658, 0.0230736, -0.0744879, -0.0531308, 0.105912, -0.251327, 0.406911, 0.753982, -1.00531, 0.239359, 0.00567879, 0.00319932, 0.0154535, -0.0162612, -0.00807043, -0.0127447, 0.502655, -0.753982, -0.422562, 0.591926, -0.0475543, -0.184595, 0.170546, -0.151335, 0.212938, -0.251327, 0.336506, 0.753982, -0.67675, 0.00467426, -0.00733385, -0.0488186, -0.148872, -0.0477017, 0.252726]]
a = [[ 0.22357975 -0.25132742  0.04951129 -0.16247048 -0.25132742 -0.01274474
  -0.25132742]
 [-0.50265483  0.38517895  0.10024935 -0.22703751  0.40691107  0.50265483
   0.33650552]
 [-0.15334387 -0.05146268 -0.61923816  0.75398225  0.75398225 -0.75398225
   0.75398225]
 [ 0.32435362  1.00530966  0.47187304  1.00530966 -1.00530966 -0.42256151
  -0.67675041]
 [-0.0111306  -0.87717622 -0.05595753 -1.13332798  0.23935944  0.59192557
   0.00467426]] 
 b = [[ 0.00588942 -0.00055847  0.00062739 -0.00136658  0.00567879 -0.0475543
  -0.00733385]
 [ 0.06265647 -0.01473373  0.02231843  0.02307359  0.00319932 -0.18459466
  -0.04881865]
 [ 0.15132968  0.00261731 -0.06044339 -0.07448793  0.01545355  0.1705464
  -0.14887173]
 [-0.05263405 -0.08701541 -0.15315386 -0.05313079 -0.01626122 -0.15133505
  -0.04770173]
 [-0.16724152  0.09969031  0.19065142  0.10591171 -0.00807043  0.21293761
   0.25272596]]
Done! Congratulations! self-collision avoidance
fc =  [3.35403728e+04 2.28201969e+04 6.57371510e+04 2.02841875e+04
 5.96714486e+03 6.04356506e+03 4.03654443e+03 4.92912180e+03
 2.83147218e+03 3.67329878e+03 2.48684999e+03 2.57445949e+03
 1.68408051e+03 1.39613028e+03 1.11900430e+03 9.00084756e+02
 1.12939999e+03 6.64836279e+02 1.01938748e+03 6.41325684e+02
 3.97914913e+02 3.24485395e+02 3.48158246e+02 2.30331483e+02
 2.34858811e+02 1.96256434e+02 2.24100887e+02 1.96370018e+02
 1.54768447e+02 1.74597190e+02 1.66634887e+02 1.16011344e+02
 1.45976016e+02 1.39598256e+02 1.35809552e+02 9.37480878e+01
 7.36685435e+01 6.11538393e+01 1.12081882e+02 1.02042215e+02
 5.00589292e+01 9.10213853e+01 3.81661419e+01 7.05345640e+01
 2.63658151e+01 5.42493137e+01 2.52700887e+01 1.87106179e+01
 1.75634012e+01 8.78572798e+00 4.60149398e+00 9.66062403e-01
 6.10676514e-02 2.00657165e-02 8.00878021e-03 3.97155578e-04
 8.60703822e-05 6.10129215e-01 4.09880932e+00 1.49709586e+01
 1.31419623e+01 7.81235497e+00 9.56650234e+00 9.46546639e+00]


