EXIT: Restoration Failed!
CasADi - 2023-08-09 05:44:57 MESSAGE("nlp_g::eval") [.../casadi/core/sx_function.cpp:64]
           S  :   t_proc      (avg)   t_wall      (avg)    n_eval
       nlp_f  |   1.92ks (  6.28ms)   1.93ks (  6.29ms)    306461
       nlp_g  | 104.87 s (342.18us) 106.48 s (347.44us)    306470
  nlp_grad_f  | 184.67 s ( 20.72ms) 185.09 s ( 20.76ms)      8914
  nlp_hess_l  |  15.05ks (  1.18 s)  15.07ks (  1.18 s)     12762
   nlp_jac_g  |  68.80 s (  5.36ms)  69.00 s (  5.38ms)     12829
       total  |  17.71ks ( 17.71ks)  17.74ks ( 17.74ks)         1
Run to here 33
sol = [[-0.00709286, 0.00955833, -0.00191747, 0.0355968, -0.0297317, 0.000408189, 0.0104014, 0.0170384, 0.0228083, -0.0506563, -0.0067519, 0.011429, -0.00507588, 0.0307166, -0.024749, 0.00077159, 0.00791614, 0.0214571, 0.0239339, -0.0540788, -0.00377196, -0.0080408, 0.0189321, 0.032882, -0.0336941, -0.00416842, 0.011683, -0.0212944, -0.0270602, 0.0408399, -0.0205646, -0.00323186, 0.0641026, 0.0824909, -0.0990486, -1.79127e-08, -5.35933e-08, -4.32666e-07, -1.62228e-06, 2.12645e-06, 0.00762406, 0.0262245, -0.0524662, -0.0793399, 0.082937, 5.83361e-06, 8.30002e-07, -3.42662e-07, -2.37293e-06, -3.94803e-06, 0.0141582, -0.0179046, -0.0547851, 0.0623951, -0.0127148, 0.000344828, -0.000634927, -0.001282, -0.00223291, 0.00380501, -0.000139561, 0.0286144, -0.022814, -0.0779678, 0.0646447, -0.00191152, 0.000319923, 0.000462768, 0.000553784, 0.000575041]]
a = [[-0.00709286 -0.0067519  -0.00377196 -0.0205646   0.00762406  0.0141582
  -0.00013956]
 [ 0.00955833  0.01142901 -0.0080408  -0.00323186  0.02622446 -0.01790461
   0.02861443]
 [-0.00191747 -0.00507588  0.01893206  0.0641026  -0.05246615 -0.05478512
  -0.022814  ]
 [ 0.03559676  0.03071658  0.03288201  0.08249088 -0.0793399   0.06239513
  -0.07796775]
 [-0.02973169 -0.02474896 -0.03369413 -0.0990486   0.08293701 -0.01271483
   0.06464474]] 
 b = [[ 4.08189061e-04  7.71589509e-04 -4.16841575e-03 -1.79127281e-08
   5.83361195e-06  3.44827826e-04 -1.91151660e-03]
 [ 1.04014399e-02  7.91613792e-03  1.16829995e-02 -5.35932592e-08
   8.30002343e-07 -6.34926879e-04  3.19923440e-04]
 [ 1.70383714e-02  2.14571448e-02 -2.12943509e-02 -4.32666344e-07
  -3.42661737e-07 -1.28200238e-03  4.62767928e-04]
 [ 2.28082521e-02  2.39339364e-02 -2.70601564e-02 -1.62227544e-06
  -2.37292584e-06 -2.23291284e-03  5.53784496e-04]
 [-5.06562525e-02 -5.40788087e-02  4.08399235e-02  2.12644777e-06
  -3.94802672e-06  3.80501428e-03  5.75040741e-04]]
Done! Congratulations! self-collision avoidance
